69
74 53 7
74 49 3
71 58 11
63 54 1
72 52 8
64 57 5
79 60 3
46 30 0
27 36 0
92 69 0
36 58 0
40 53 0
0 19 0
37 11 0
44 74 0
11 8 0
11 4 0
29 73 0
56 94 0
14 60 0
71 48 3
37 35 0
59 9 0
55 68 0
84 74 0
95 34 0
20 13 0
64 69 0
35 67 0
40 15 0
28 84 0
17 58 0
77 52 3
21 8 0
9 55 0
58 5 0
0 35 0
96 60 0
93 100 0
55 76 0
58 54 0
37 41 0
49 34 0
92 81 0
8 17 0
74 39 0
71 36 0
66 36 0
14 17 0
66 26 0
14 72 0
0 59 0
88 41 0
25 51 0
48 51 0
53 76 0
16 83 0
15 98 0
75 42 0
87 94 0
81 49 0
72 67 3
58 75 0
64 5 0
64 10 0
83 77 0
4 16 0
41 59 0
34 15 0
