91
33 48 1
32 50 2
33 50 3
33 52 1
34 49 1
33 49 2
32 51 1
27 15 0
40 37 0
12 73 0
80 90 0
86 50 0
34 20 0
99 15 0
16 93 0
19 71 0
50 92 0
91 0 0
75 82 0
75 35 0
84 61 0
84 21 0
79 78 0
31 58 0
88 36 0
68 24 0
71 46 0
72 72 0
31 52 0
71 91 0
22 45 0
28 51 0
55 56 0
95 68 0
40 79 0
64 31 0
88 56 0
43 12 0
99 9 0
25 14 0
35 89 0
27 87 0
52 76 0
44 50 0
22 42 0
21 82 0
49 15 0
56 1 0
60 64 0
94 48 0
66 64 0
73 83 0
93 26 0
86 99 0
25 28 0
4 16 0
0 35 0
97 32 0
47 50 0
50 50 0
20 61 0
70 52 0
2 49 0
37 90 0
68 15 0
27 68 0
12 79 0
95 5 0
15 72 0
52 43 0
38 22 0
87 49 0
56 25 0
50 66 0
31 72 0
47 5 0
59 94 0
37 86 0
44 51 0
47 81 0
73 44 0
31 40 0
88 41 0
63 44 0
0 64 0
53 59 0
4 56 0
66 92 0
85 36 0
83 15 0
45 50 0
