92
21 46 27
38 80 74
28 66 54
77 79 34
56 62 38
3 84 47
21 47 28
59 4 0
81 46 0
10 81 51
34 54 48
10 59 29
46 16 2
16 56 32
32 6 0
94 30 0
39 44 37
7 54 21
100 51 0
49 24 7
51 78 59
90 51 0
82 46 0
99 74 7
20 26 6
73 88 47
81 39 0
94 27 0
20 37 17
5 87 52
28 8 0
20 55 35
21 89 70
82 78 28
3 75 38
60 73 45
29 52 41
42 77 67
50 3 0
53 19 0
66 98 50
92 94 28
17 0 0
41 78 69
70 10 0
63 22 0
17 80 57
77 86 41
28 4 0
10 78 48
72 33 0
60 7 0
43 56 45
16 11 0
6 96 52
67 79 44
33 4 0
16 41 17
73 38 0
79 39 0
94 5 0
92 37 0
98 84 18
65 50 17
64 6 0
59 80 53
25 25 10
96 72 8
71 39 0
76 35 0
47 35 20
83 40 0
1 38 0
12 14 0
74 17 0
49 91 74
28 59 47
92 86 26
29 90 79
35 10 5
37 78 73
13 23 0
69 58 21
50 81 63
11 33 4
0 40 0
98 10 0
85 53 0
36 97 81
31 42 33
75 38 0
9 35 4
