75
38 67 32
47 82 26
34 67 28
65 18 108
47 40 68
97 88 32
19 54 26
19 76 4
24 48 37
63 87 37
9 87 0
98 72 47
64 35 90
95 36 86
82 71 64
18 31 48
55 64 52
4 45 20
64 89 36
11 50 22
34 10 77
90 93 34
30 41 50
11 71 1
1 18 44
82 59 76
91 28 98
9 32 38
53 77 37
28 30 59
41 10 84
9 61 9
27 49 39
55 81 35
8 16 53
9 34 36
31 56 36
70 22 109
44 26 79
47 47 61
54 43 72
2 62 1
18 83 0
2 100 0
57 30 88
55 60 56
81 94 42
53 41 73
26 78 9
35 41 55
76 7 116
77 0 110
67 60 68
25 5 63
23 36 48
62 13 108
9 68 2
13 77 0
21 83 0
0 23 38
72 83 50
56 24 93
56 71 46
54 37 78
44 91 14
5 94 0
74 75 60
80 21 116
85 48 84
46 95 12
72 20 113
35 53 43
0 66 0
45 85 21
100 86 31
