100
86 5 64
100 55 128
71 49 93
68 52 93
65 5 43
33 40 46
50 56 79
60 24 57
98 44 115
35 40 48
7 0 0
64 45 82
87 18 78
22 38 33
83 8 64
61 85 119
49 87 109
5 88 66
23 21 17
52 28 53
2 35 10
88 28 89
88 77 138
91 29 93
6 99 78
28 100 101
15 26 14
31 68 72
93 45 111
96 88 157
75 56 104
86 34 93
70 85 128
78 37 88
43 72 88
22 52 47
3 18 0
12 31 16
82 62 117
89 33 95
37 38 48
90 66 129
14 6 0
5 78 56
0 52 25
95 30 98
25 3 1
10 38 21
11 66 50
89 52 114
73 96 142
83 29 85
51 95 119
89 18 80
99 76 148
96 30 99
87 65 125
11 73 57
55 29 57
74 44 91
63 52 88
44 40 57
58 55 86
15 43 31
44 69 86
19 7 0
13 4 0
56 8 37
3 53 29
9 23 5
65 24 62
16 16 5
8 38 19
75 22 70
46 91 110
52 82 107
8 1 0
47 67 87
31 78 82
63 54 90
46 12 31
0 23 0
19 90 82
75 5 53
89 71 133
12 86 71
61 73 107
78 93 144
95 54 122
36 31 40
41 27 41
23 30 26
29 89 91
77 15 65
18 97 88
85 79 137
31 45 49
68 73 114
25 89 87
57 66 96
