96
76 9 23031
74 66 23032
92 25 23031
99 48 23025
97 4 23005
89 6 23015
59 35 23074
89 53 23030
48 30 23060
72 11 23037
36 51 23041
12 17 23011
28 60 23024
63 19 23054
32 27 23041
54 62 23048
49 75 23030
45 17 23044
2 66 22992
12 73 22995
8 12 23002
21 74 23003
89 73 23010
61 13 23050
87 47 23038
42 100 22998
85 70 23017
14 34 23030
31 28 23041
14 60 23010
45 15 23042
21 3 23006
49 53 23052
78 54 23040
59 41 23072
68 23 23053
63 21 23056
76 39 23057
1 80 22977
34 87 23003
81 93 22998
66 44 23062
92 56 23024
14 85 22985
46 43 23059
90 17 23025
31 1 23014
22 59 23019
9 84 22981
65 41 23066
32 90 22998
62 70 23040
8 73 22991
75 60 23037
18 30 23030
62 20 23056
73 6 23031
75 44 23053
38 94 23000
53 83 23026
75 91 23006
22 95 22983
23 18 23023
58 92 23022
96 73 23003
18 40 23034
9 36 23027
56 60 23052
51 6 23039
78 48 23046
15 3 23000
51 66 23041
7 70 22993
90 33 23041
31 46 23041
25 72 23009
91 50 23031
33 24 23039
65 59 23048
58 20 23060
69 25 23054
97 25 23026
84 12 23026
53 62 23047
79 73 23020
53 55 23054
42 61 23037
39 71 23024
74 19 23043
73 53 23046
42 39 23059
73 54 23045
57 51 23062
99 28 23027
69 4 23033
38 9 23029
