78
3 85 999881
52 25 999952
90 52 999983
74 40 999989
3 14 999892
52 57 999958
31 57 999937
3 26 999904
56 62 999957
24 58 999929
29 42 999946
51 36 999962
87 41 999991
20 27 999922
25 65 999923
45 34 999954
68 53 999978
28 90 999901
20 9 999904
83 53 999989
85 3 999955
21 37 999933
5 86 999882
78 28 999981
98 48 999979
2 55 999910
14 83 999894
69 34 999978
41 97 999907
82 5 999960
45 55 999953
83 6 999960
56 73 999946
21 22 999918
93 78 999954
62 92 999933
48 42 999965
81 4 999960
5 99 999869
11 21 999907
77 95 999945
11 18 999904
23 38 999936
39 30 999944
43 91 999915
63 29 999967
57 43 999975
21 94 999890
65 30 999970
95 17 999959
62 98 999927
82 0 999955
74 18 999967
71 29 999975
18 67 999914
1 21 999897
94 97 999934
86 84 999955
29 84 999908
53 72 999944
24 40 999939
4 6 999885
12 50 999925
41 78 999926
61 32 999968
99 59 999967
47 25 999947
33 62 999934
98 38 999977
35 59 999939
23 85 999901
19 37 999931
33 44 999952
33 57 999939
61 14 999950
23 43 999941
7 14 999896
4 62 999905
