100
10 12 512917373
6 9 512917366
66 44 512917421
49 18 512917412
57 96 512917426
65 72 512917442
62 59 512917440
27 77 512917437
31 13 512917395
38 39 512917428
15 72 512917430
0 69 512917418
22 22 512917395
9 69 512917427
37 96 512917428
12 23 512917386
100 90 512917389
4 60 512917415
96 27 512917374
75 93 512917411
43 44 512917438
83 32 512917392
95 37 512917385
82 81 512917416
59 77 512917443
95 81 512917403
88 96 512917395
48 17 512917412
64 90 512917425
62 14 512917395
45 21 512917417
92 27 512917378
90 53 512917406
46 66 512917463
65 87 512917427
53 100 512917426
71 96 512917412
37 67 512917455
60 83 512917436
40 40 512917431
95 89 512917395
33 11 512917395
4 72 512917419
2 55 512917408
98 1 512917346
80 61 512917424
93 70 512917416
13 12 512917376
82 87 512917410
73 24 512917394
68 67 512917442
5 32 512917388
30 23 512917404
50 89 512917440
96 37 512917384
38 72 512917453
50 82 512917447
65 9 512917387
51 9 512917401
32 45 512917428
73 22 512917392
45 46 512917442
71 58 512917430
11 53 512917415
16 81 512917422
9 10 512917370
68 45 512917420
62 60 512917441
89 76 512917414
81 88 512917410
21 63 512917435
17 81 512917423
38 90 512917435
78 68 512917433
81 85 512917413
99 31 512917375
89 20 512917374
1 94 512917394
15 19 512917385
72 67 512917438
52 71 512917456
46 25 512917422
61 17 512917399
50 63 512917456
80 52 512917415
38 100 512917425
82 16 512917377
11 0 512917362
30 38 512917419
17 0 512917368
54 41 512917430
13 30 512917394
95 16 512917364
61 81 512917437
94 47 512917396
82 52 512917413
19 50 512917420
86 65 512917422
4 6 512917361
56 29 512917416
