100
87 56 912345617
45 85 912345546
93 13 912345662
24 89 912345521
79 38 912345627
57 52 912345591
53 27 912345612
12 93 912345505
83 9 912345660
50 85 912345551
24 56 912345554
79 58 912345607
30 53 912345563
28 24 912345590
94 69 912345605
63 21 912345628
91 57 912345620
76 49 912345613
1 84 912345503
95 72 912345601
7 15 912345578
96 60 912345612
63 41 912345608
21 9 912345598
52 45 912345593
31 30 912345587
1 31 912345556
39 45 912345580
90 14 912345662
95 7 912345666
70 32 912345624
49 60 912345575
99 24 912345645
12 45 912345553
68 38 912345616
7 34 912345559
43 78 912345551
80 0 912345656
94 23 912345651
60 88 912345558
50 62 912345574
44 32 912345598
3 6 912345583
70 40 912345616
18 77 912345527
78 90 912345574
72 97 912345561
16 92 912345510
31 35 912345582
64 34 912345616
68 40 912345614
78 9 912345655
5 90 912345501
58 62 912345582
1 39 912345548
82 79 912345589
95 18 912345655
20 15 912345591
74 84 912345576
6 41 912345551
5 66 912345525
3 20 912345569
97 74 912345597
92 3 912345669
3 49 912345540
15 2 912345593
85 10 912345661
99 32 912345637
79 11 912345654
18 4 912345598
57 93 912345550
20 36 912345570
88 35 912345639
63 14 912345635
34 6 912345614
41 44 912345583
52 50 912345588
18 85 912345519
50 67 912345569
80 93 912345573
39 2 912345617
58 50 912345594
27 48 912345565
27 9 912345604
32 87 912345531
15 12 912345589
79 8 912345657
20 7 912345599
23 97 912345512
94 7 912345667
88 46 912345628
11 74 912345523
47 73 912345560
10 91 912345505
95 100 912345573
83 14 912345655
9 86 912345509
85 46 912345625
34 12 912345608
48 31 912345603
